camera_id: 1
focal_length: 1441.89526
principal_point_x: 1224
principal_point_y: 1024
distortion: -0.006622
q0: 0.700635
q1: -0.713505
q2: 0.002373
q3: -0.003824
tx: 80
ty: 2760
tz: 6023
derived_camera_world_tx: 2773.83423
derived_camera_world_ty: 82.3992691
derived_camera_world_tz: 6016.62158
pixel_image_width: 2448
pixel_image_height: 2048
