camera_id: 0
focal_length: 1435
principal_point_x: 1224
principal_point_y: 1024
distortion: -0.001739
q0: 0.708041
q1: 0.706164
q2: -0.000632
q3: 0.002957
tx: 20
ty: 3000
tz: 5966
derived_camera_world_tx: -2969.75269
derived_camera_world_ty: -31.7144642
derived_camera_world_tz: 5981.07959
pixel_image_width: 2448
pixel_image_height: 2048
